{
 "metadata": {
  "name": "CH82 -- optimization"
 },
 "nbformat": 3,
 "nbformat_minor": 0,
 "worksheets": [
  {
   "cells": [
    {
     "cell_type": "code",
     "collapsed": false,
     "input": [
      "from dcprogs import read_idealized_bursts\n",
      "\n",
      "name   = 'CH82'\n",
      "tau    = 1e-4\n",
      "tcrit  = 4e-3 \n",
      "graph  = [[\"V\", \"V\", \"V\",   0,   0],\n",
      "          [\"V\", \"V\",   0, \"V\",   0],\n",
      "          [\"V\",   0, \"V\", \"V\", \"V\"],\n",
      "          [  0, \"V\", \"V\", \"V\",   0],\n",
      "          [  0,   0, \"V\",   0, \"V\"]] \n",
      "nopen  = 2\n",
      "\n",
      "bursts = read_idealized_bursts(name, tau=tau, tcrit=tcrit)"
     ],
     "language": "python",
     "metadata": {},
     "outputs": [],
     "prompt_number": 1
    },
    {
     "cell_type": "code",
     "collapsed": false,
     "input": [
      "from dcprogs.likelihood.optimization import Likelihood, kernel_projection\n",
      "from dcprogs.likelihood.random import qmatrix as random_qmatrix\n",
      "\n",
      "likelihood = Likelihood(nopen, graph, bursts, tau, tcrit)\n",
      "start = likelihood.random_starting_point(True)\n",
      "Q0 =  array([[ -3050,        50,  3000,      0,    0 ], \n",
      "                  [ 2./3., -1502./3.,     0,    500,    0 ],  \n",
      "                  [    15,         0, -2065,     50, 2000 ],  \n",
      "                  [     0,     15000,  4000, -19000,    0 ],  \n",
      "                  [     0,         0,    10,      0,  -10 ] ])\n",
      "start = Q0\n",
      "kernel = kernel_projection(likelihood, start)\n",
      "\n",
      "x = arange(0, 100, 10)\n",
      "kstart = kernel.to_kernel_coords(kernel.start)\n",
      "# print kstart\n",
      "def callme(x): \n",
      "    \n",
      "    size = kstart.size\n",
      "    x = [x] + kstart[1:].tolist()\n",
      "\n",
      "    print kernel.from_kernel_coords(x)\n",
      "    return kernel(x)\n",
      "    \n",
      "Q0 =  array([[ -3050,        50,  3000,      0,    0 ], \n",
      "                  [ 2./3., -1502./3.,     0,    500,    0 ],  \n",
      "                  [    15,         0, -2065,     50, 2000 ],  \n",
      "                  [     0,     15000,  4000, -19000,    0 ],  \n",
      "                  [     0,         0,    10,      0,  -10 ] ])\n",
      "# print kernel.kernel[:, arange(25) % 5 == arange(25) // 5][:, 1]\n",
      "# callme(0)\n",
      "# callme(1)\n",
      "#print kernel.kernel\n",
      "y = [callme(u) for u in x]\n",
      "# plot(x, y)\n",
      "#print y"
     ],
     "language": "python",
     "metadata": {},
     "outputs": [
      {
       "output_type": "stream",
       "stream": "stdout",
       "text": [
        "[[  4.54747351e-13  -1.47500000e+03   1.47500000e+03   0.00000000e+00\n",
        "    0.00000000e+00]\n",
        " [  6.66666667e-01  -5.00666667e+02   0.00000000e+00   5.00000000e+02\n",
        "    0.00000000e+00]\n",
        " [  1.50000000e+01   0.00000000e+00  -2.06500000e+03   5.00000000e+01\n",
        "    2.00000000e+03]\n",
        " [  0.00000000e+00   1.50000000e+04   4.00000000e+03  -1.90000000e+04\n",
        "    0.00000000e+00]\n",
        " [  0.00000000e+00   0.00000000e+00   1.00000000e+01   0.00000000e+00\n",
        "   -1.00000000e+01]]\n",
        "[[ -8.16496581e+00  -1.47091752e+03   1.47908248e+03   0.00000000e+00\n",
        "    0.00000000e+00]\n",
        " [  6.66666667e-01  -5.00666667e+02   0.00000000e+00   5.00000000e+02\n",
        "    0.00000000e+00]\n",
        " [  1.50000000e+01   0.00000000e+00  -2.06500000e+03   5.00000000e+01\n",
        "    2.00000000e+03]\n",
        " [  0.00000000e+00   1.50000000e+04   4.00000000e+03  -1.90000000e+04\n",
        "    0.00000000e+00]\n",
        " [  0.00000000e+00   0.00000000e+00   1.00000000e+01   0.00000000e+00\n",
        "   -1.00000000e+01]]"
       ]
      },
      {
       "output_type": "stream",
       "stream": "stdout",
       "text": [
        "\n",
        "[[ -1.63299316e+01  -1.46683503e+03   1.48316497e+03   0.00000000e+00\n",
        "    0.00000000e+00]\n",
        " [  6.66666667e-01  -5.00666667e+02   0.00000000e+00   5.00000000e+02\n",
        "    0.00000000e+00]\n",
        " [  1.50000000e+01   0.00000000e+00  -2.06500000e+03   5.00000000e+01\n",
        "    2.00000000e+03]\n",
        " [  0.00000000e+00   1.50000000e+04   4.00000000e+03  -1.90000000e+04\n",
        "    0.00000000e+00]\n",
        " [  0.00000000e+00   0.00000000e+00   1.00000000e+01   0.00000000e+00\n",
        "   -1.00000000e+01]]"
       ]
      },
      {
       "output_type": "stream",
       "stream": "stdout",
       "text": [
        "\n",
        "[[ -2.44948974e+01  -1.46275255e+03   1.48724745e+03   0.00000000e+00\n",
        "    0.00000000e+00]\n",
        " [  6.66666667e-01  -5.00666667e+02   0.00000000e+00   5.00000000e+02\n",
        "    0.00000000e+00]\n",
        " [  1.50000000e+01   0.00000000e+00  -2.06500000e+03   5.00000000e+01\n",
        "    2.00000000e+03]\n",
        " [  0.00000000e+00   1.50000000e+04   4.00000000e+03  -1.90000000e+04\n",
        "    0.00000000e+00]\n",
        " [  0.00000000e+00   0.00000000e+00   1.00000000e+01   0.00000000e+00\n",
        "   -1.00000000e+01]]"
       ]
      },
      {
       "output_type": "stream",
       "stream": "stdout",
       "text": [
        "\n",
        "[[ -3.26598632e+01  -1.45867007e+03   1.49132993e+03   0.00000000e+00\n",
        "    0.00000000e+00]\n",
        " [  6.66666667e-01  -5.00666667e+02   0.00000000e+00   5.00000000e+02\n",
        "    0.00000000e+00]\n",
        " [  1.50000000e+01   0.00000000e+00  -2.06500000e+03   5.00000000e+01\n",
        "    2.00000000e+03]\n",
        " [  0.00000000e+00   1.50000000e+04   4.00000000e+03  -1.90000000e+04\n",
        "    0.00000000e+00]\n",
        " [  0.00000000e+00   0.00000000e+00   1.00000000e+01   0.00000000e+00\n",
        "   -1.00000000e+01]]"
       ]
      },
      {
       "output_type": "stream",
       "stream": "stdout",
       "text": [
        "\n",
        "[[ -4.08248290e+01  -1.45458759e+03   1.49541241e+03   0.00000000e+00\n",
        "    0.00000000e+00]\n",
        " [  6.66666667e-01  -5.00666667e+02   0.00000000e+00   5.00000000e+02\n",
        "    0.00000000e+00]\n",
        " [  1.50000000e+01   0.00000000e+00  -2.06500000e+03   5.00000000e+01\n",
        "    2.00000000e+03]\n",
        " [  0.00000000e+00   1.50000000e+04   4.00000000e+03  -1.90000000e+04\n",
        "    0.00000000e+00]\n",
        " [  0.00000000e+00   0.00000000e+00   1.00000000e+01   0.00000000e+00\n",
        "   -1.00000000e+01]]"
       ]
      },
      {
       "output_type": "stream",
       "stream": "stdout",
       "text": [
        "\n",
        "[[ -4.89897949e+01  -1.45050510e+03   1.49949490e+03   0.00000000e+00\n",
        "    0.00000000e+00]\n",
        " [  6.66666667e-01  -5.00666667e+02   0.00000000e+00   5.00000000e+02\n",
        "    0.00000000e+00]\n",
        " [  1.50000000e+01   0.00000000e+00  -2.06500000e+03   5.00000000e+01\n",
        "    2.00000000e+03]\n",
        " [  0.00000000e+00   1.50000000e+04   4.00000000e+03  -1.90000000e+04\n",
        "    0.00000000e+00]\n",
        " [  0.00000000e+00   0.00000000e+00   1.00000000e+01   0.00000000e+00\n",
        "   -1.00000000e+01]]"
       ]
      },
      {
       "output_type": "stream",
       "stream": "stdout",
       "text": [
        "\n",
        "[[ -5.71547607e+01  -1.44642262e+03   1.50357738e+03   0.00000000e+00\n",
        "    0.00000000e+00]\n",
        " [  6.66666667e-01  -5.00666667e+02   0.00000000e+00   5.00000000e+02\n",
        "    0.00000000e+00]\n",
        " [  1.50000000e+01   0.00000000e+00  -2.06500000e+03   5.00000000e+01\n",
        "    2.00000000e+03]\n",
        " [  0.00000000e+00   1.50000000e+04   4.00000000e+03  -1.90000000e+04\n",
        "    0.00000000e+00]\n",
        " [  0.00000000e+00   0.00000000e+00   1.00000000e+01   0.00000000e+00\n",
        "   -1.00000000e+01]]"
       ]
      },
      {
       "output_type": "stream",
       "stream": "stdout",
       "text": [
        "\n",
        "[[ -6.53197265e+01  -1.44234014e+03   1.50765986e+03   0.00000000e+00\n",
        "    0.00000000e+00]\n",
        " [  6.66666667e-01  -5.00666667e+02   0.00000000e+00   5.00000000e+02\n",
        "    0.00000000e+00]\n",
        " [  1.50000000e+01   0.00000000e+00  -2.06500000e+03   5.00000000e+01\n",
        "    2.00000000e+03]\n",
        " [  0.00000000e+00   1.50000000e+04   4.00000000e+03  -1.90000000e+04\n",
        "    0.00000000e+00]\n",
        " [  0.00000000e+00   0.00000000e+00   1.00000000e+01   0.00000000e+00\n",
        "   -1.00000000e+01]]"
       ]
      }
     ],
     "prompt_number": "*"
    }
   ],
   "metadata": {}
  }
 ]
}